1.136007543157869   1.1344711503898313   1.130674050695764   
1.1299150182770974   1.1365300887939722   1.1349615923476224   
1.121361546023418   1.1372214048331173   1.133941648084521   

1.1298694379860155   1.1390225876813491   1.128992972232685   
1.1374297966406448   1.133845509798223   1.1302364995211205   
1.135435579869141   1.1247594026409773   1.122804155024651   

1.1400868287881296   1.1376582777736013   1.1312822809267986   
1.1233914266880527   1.1336156539579894   1.1221558006163872   
1.1345400450768217   1.1383432548019545   1.1240957697854104   

1.1249276988332695   1.1404886110469148   1.1335325530939462   
1.1223230146752357   1.1342849962454298   1.1320016929064158   
1.1385393712967906   1.1248224229463655   1.1389929491196564   

1.1380645509408158   1.1267383556365562   1.1356782801249752   
1.1241211087152012   1.1229481515744926   1.1231829328069722   
1.1266395747970215   1.130819571532725   1.1386578049129186   

1.1389758009603264   1.1232187376244198   1.1282129335166646   
1.131079254741059   1.1293504461914687   1.1406929765217406   
1.13570114292466   1.1404991027750586   1.1393485845132352   

1.1232339057386305   1.1221790901061541   1.1305553490795766   
1.135763568607865   1.121832593646894   1.1350344230480207   
1.1361777461848033   1.1269299558904216   1.122253543096261   

1.1362557578980337   1.140706559504659   1.1229746003982009   
1.1229425327581708   1.125581077340265   1.1351322443841707   
1.1283047780084028   1.124629654842027   1.1313387937933699   

1.1382774493624193   1.1253940128833126   1.1283102809629322   
1.128481597009129   1.1257466607636382   1.1243364356953793   
1.126353114891179   1.1402858592166591   1.1275977128408088   

1.1361756463579533   1.1326758697435797   1.1352870414479814   
1.1299432989033855   1.1396742275370115   1.1322455353387548   
1.1242441829190937   1.1340695104077725   1.1309751975602116   

1.1376016020425637   1.1332742268926408   1.1281623526459172   
1.133516855222102   1.1406670019339327   1.1387695834971086   
1.131362085279642   1.1215976228178044   1.1218029567582355   

1.137309988583963   1.1376191400603004   1.135147647058775   
1.1248803044390567   1.1295023771396302   1.13770427813507   
1.1355490837443671   1.127081301594536   1.1405301393046154   


0.09158088315496954   0.0926084594597637   0.08506361808645978   
0.08201712142474017   0.08151689481613243   0.08236038558006888   
0.08635036604454004   0.10095007932037481   0.09344568168565756   

0.08891991916955423   0.09100428300817343   0.09650385542398637   
0.08266758404309815   0.09358956681422136   0.08628912916879981   
0.0871647108688353   0.0812842317891001   0.08213354516417105   

0.09738423685811197   0.0998163802791265   0.0975087744206408   
0.0852891853164291   0.09903166997476365   0.08817320914619764   
0.08870835249165258   0.09570482620881855   0.08377115952220851   

0.09762664180103421   0.08606272428514833   0.08192736418373428   
0.08750804588649616   0.08256770690875884   0.0877268629258426   
0.08547278272235631   0.09122588081475601   0.08922076327888685   

0.09951424603886556   0.10054814565952429   0.08884674010742334   
0.08212144359668959   0.08737147350259832   0.09765368853637302   
0.09555869803605094   0.09559439114201805   0.09429374441400597   

0.08207880699352435   0.08837133939158891   0.09293403212299017   
0.08583463635578607   0.09621588755575183   0.08122656720403841   
0.09546428984105826   0.08299253696850763   0.10065109087039079   

0.100683393854422   0.08125079820894163   0.09900998445606439   
0.08315134616368844   0.08501178843489475   0.0889618305352415   
0.09750107075048516   0.08695198026025991   0.09947208142136788   

0.0962218181147199   0.09332598528928777   0.100159553678399   
0.0836228078101297   0.09377398397459098   0.08476066464014304   
0.08661963540016065   0.08269130584572704   0.08686627830416026   

0.095763430896875   0.08525940499895697   0.08435776559287593   
0.0834974533721767   0.10051940546230557   0.09970012529284342   
0.08474485134108987   0.09550778125321245   0.09894739032238777   

0.08284468534708803   0.08297141268391253   0.08297155989033174   
0.09148281441431853   0.09218057217699137   0.09232021635221248   
0.09494622407031787   0.08420425177516275   0.09069878215265391   

0.0978860223488702   0.10035552085735717   0.08124991890602322   
0.09561433971623863   0.08551175740733585   0.08163187577737657   
0.09047447623390692   0.09248425337738576   0.09488691806408324   

0.10071573050738197   0.10042534590952379   0.09585388500008994   
0.09087376274457475   0.08210727470412915   0.08197168935406461   
0.08922287270523795   0.08144324913189592   0.0908886811247332   


3.262938482683506   3.273547317958385   3.2746844968273874   
3.2716229885731427   3.269119151918527   3.264922192258027   
3.2714350498532707   3.267025556478423   3.2591178374370053   

3.267571801173307   3.2732193539950996   3.2723503734072703   
3.2658117414338377   3.2700217612220226   3.2695847142824355   
3.2647416334178483   3.270517450045365   3.2670256409187783   

3.271279965717388   3.273063178680785   3.2605002991942   
3.2607808455901535   3.259339744778797   3.2662423474328164   
3.2740776802412292   3.259986394288972   3.2628115930665538   

3.2747453243396047   3.261180662226782   3.275314978389146   
3.260539091404065   3.2613833386018336   3.270617216389765   
3.274656841904681   3.27485564574723   3.2739967002410544   

3.2617842357817133   3.2744031878314392   3.270609938144624   
3.267036335370895   3.2682044499299914   3.2640719624597954   
3.2716354748702208   3.2716601235489864   3.273018237180811   

3.270739037009164   3.258593064705664   3.2646840069674883   
3.272439247786909   3.2670229468980785   3.2770564637471424   
3.2755754926381333   3.2621866537977806   3.2717815210042596   

3.262777832330864   3.257649824829057   3.2640357501770407   
3.2662138800619496   3.262261059346303   3.274726763430873   
3.2748825366692995   3.2697214394589165   3.2710874086091795   

3.2577285601984696   3.2690968177282094   3.269666713259111   
3.269879352554034   3.2670473744621016   3.2764422596555227   
3.2770788719637474   3.2683548644841287   3.275983041239194   

3.2724707575713317   3.266390151267396   3.271615845262534   
3.2681497404859132   3.2760523646063215   3.27144738667585   
3.259630766026692   3.2774727936934753   3.269580945619531   

3.2723280821410703   3.260813021220128   3.2732444482213663   
3.2613996205146507   3.257900596560139   3.263662881819289   
3.2646801924595255   3.2771189769275293   3.2676031722958716   

3.2666323510654123   3.2695147697296796   3.2767549208386497   
3.2625766985834965   3.2756886381976877   3.2593997476639953   
3.267991966263996   3.271071251808745   3.2614933513124087   

3.2612121268711376   3.2623816411624165   3.2759566133843863   
3.2636809427512703   3.2578561512646416   3.2609146211040687   
3.26320211851905   3.258411326069069   3.2747381254632937   


2.4459624885198443   2.45715475686338   2.454991400272122   
2.4466201068556055   2.447840122575994   2.461105779896967   
2.4476778175049754   2.4637821890027056   2.4471150590966295   

2.4609176596367086   2.460711147423411   2.457267168023745   
2.452800017405189   2.459899359685325   2.452703980945155   
2.4649600089912354   2.4649377404155253   2.4578970723671354   

2.4539409362903104   2.446596217179499   2.464594779647822   
2.463481304088132   2.4537185290956156   2.463269453066368   
2.45040856904518   2.450645169623667   2.450043082342755   

2.4611051991715143   2.4576576318338166   2.4596604930420396   
2.459892844575884   2.4585615351492613   2.463578681278747   
2.445898482684809   2.455066907718359   2.46254073937336   

2.4535332725394827   2.4527068989436196   2.4485849077973696   
2.462343087170832   2.456630574093415   2.464845786764208   
2.449667905499904   2.4524668745709692   2.456541731612459   

2.447519010301925   2.4515222518921282   2.455356353291236   
2.4634952054800747   2.4526989682927   2.45546464306838   
2.453421916492035   2.4568213693604473   2.4592270456895693   

2.44736797771143   2.456004531557579   2.453918556611084   
2.44608249126951   2.4479740425153893   2.4614290766944715   
2.4511416597923237   2.459247583896891   2.457310447543665   

2.446888885793785   2.4548682837530333   2.4617570975651115   
2.4652656475629855   2.4496264732609596   2.4568763652921746   
2.4538052353741557   2.465317287302516   2.4517230559554735   

2.447171078667176   2.4551933567612405   2.4464755151237645   
2.447782152040016   2.4595277432618743   2.4559369795252723   
2.4496943204542845   2.4598901925750067   2.4502713738980817   

2.4625106957911878   2.4593203470587475   2.4474597370691344   
2.459192399712345   2.456994793086989   2.4575900558356905   
2.460908535333906   2.4530020034975575   2.4642975327575605   

2.460752493858392   2.447600345751683   2.4463594203553365   
2.448662193709996   2.4590863617207686   2.4560710645170434   
2.453257458117568   2.454828138187098   2.459896450125596   

2.460286385062213   2.4624313990932554   2.4515003268071434   
2.462515942178691   2.459524853581458   2.4544603469563624   
2.4651918509309416   2.457407472244923   2.4614528600305365   


4.629230344497244   4.614910565055176   4.6215185963313585   
4.609927085837327   4.615583051059567   4.617721618730059   
4.62426428577111   4.620183164989913   4.609650990944375   

4.611301154494475   4.622248790478509   4.611715282168216   
4.609387096174476   4.627009403984081   4.620908419992432   
4.618126889950615   4.62792237155045   4.613543767762622   

4.625445396967187   4.611327581420575   4.609841093986617   
4.629094298607308   4.623941023881066   4.6168754989652445   
4.627441305407165   4.6143086063627905   4.627577255313217   

4.623211736988799   4.619180917695686   4.609912009877712   
4.6170908136109   4.62063453421463   4.624638654322987   
4.626363916228066   4.62577540721636   4.620958674057038   

4.62557295405439   4.624591566974147   4.623664006600008   
4.622028194485049   4.621040880506973   4.626627443671661   
4.614964539311188   4.612598149358481   4.626042970499259   

4.622886782779553   4.621388779831357   4.622573826060471   
4.627788879080211   4.618856808112957   4.617705607557011   
4.611193480472973   4.62143256980524   4.628129441714925   

4.612666216855599   4.611463299942446   4.618004712464967   
4.6109944145782045   4.628390269143443   4.613000974385912   
4.611273859351418   4.618219846176852   4.624368379224555   

4.6274168959191355   4.627396868709724   4.62818253471165   
4.618427744584484   4.620459676761281   4.6214729573913   
4.622170335450495   4.616324117316915   4.6133753239142745   

4.6284946712472115   4.627464176464681   4.614064738410912   
4.612277069118552   4.622692960583798   4.610717412800049   
4.622633254665638   4.618795504180635   4.628902463484727   

4.625185370453709   4.623479040388783   4.627876338495563   
4.622327000691767   4.624518099525958   4.6149497638778145   
4.6093157324474365   4.628964192594607   4.613114498071765   

4.614787431352515   4.618470843955892   4.617952015747323   
4.6284461408130655   4.6218745603588625   4.628555853225411   
4.619229023205701   4.624294284427143   4.611608525564135   

4.6220314061619625   4.62515385748133   4.62550369422891   
4.623598545193861   4.621818070508211   4.623108595081933   
4.614642083429236   4.617821164895449   4.624412042435225   


0.5841615503589324   0.5954113059042869   0.5924837018176687   
0.5830012079244691   0.5816637511939124   0.577861267839578   
0.5947061873834976   0.5804469671436427   0.5888981907659527   

0.5821086720026447   0.5894397383155132   0.5852109006174837   
0.5766282134407834   0.5903962120971218   0.5928290507132823   
0.5880013349623139   0.5845469582624345   0.5768896467868603   

0.5884447526534076   0.5780391997002594   0.5902676857244626   
0.5856543376082082   0.5835117903486104   0.5904492102763712   
0.595579065509277   0.5797433356333015   0.5774067352439933   

0.5903354126042288   0.5765212053570155   0.5925670544180472   
0.5905911306281828   0.5789005839956212   0.580342118039223   
0.5956247365369092   0.5777143973230494   0.5914416483974649   

0.592023221162244   0.5877130631427052   0.5773112283987314   
0.5796509077880254   0.5958163774833722   0.5898874235415215   
0.592334798798912   0.5913755631643538   0.5831138832772369   

0.5777365124212248   0.5907085368917975   0.5798356417553245   
0.5869767306310958   0.5779410808528751   0.5831455979388624   
0.5912731119876165   0.5957753539235475   0.5796228200865126   

0.5766765949601054   0.5951026197447586   0.593651003406114   
0.5826495181954419   0.5766425426223618   0.5938569364733339   
0.5938847734996391   0.5848477844810829   0.5773513787260196   

0.5815678654471232   0.5927652326899584   0.5779847876179554   
0.5821628342903962   0.5886960123638001   0.5761745000294716   
0.5784156165905778   0.5874578313113874   0.5793204767106688   

0.5788665280720362   0.5824530297755885   0.5917649835757568   
0.592022181559491   0.5872902469311376   0.5888015055630691   
0.5912582009957303   0.5797422119661404   0.5908141458452529   

0.5908076736189269   0.5759057835281118   0.585869193542008   
0.5833377515945493   0.5898143576747945   0.5867428101776146   
0.5939073939572961   0.5775294030050682   0.5775656152825241   

0.5940550320846798   0.5862998839465612   0.5773085876621422   
0.5803953214593456   0.5887038811648238   0.5843287651192297   
0.5806950501436774   0.5908419972719641   0.5843886185244938   

0.5954871079742685   0.5947757572268895   0.5933677317593897   
0.5873330437013577   0.587314912928085   0.5772947356165554   
0.5800192222358782   0.5817006066001413   0.5774140639924357   


2.3601707332337547   2.3540751416180155   2.3489041996024227   
2.34312594145944   2.3548042321988185   2.350686863422728   
2.3425959870731843   2.3468806737625845   2.344506275089325   

2.3603967737781844   2.3556560669247237   2.3416667175152086   
2.342398748677351   2.3508418086944816   2.34757842241585   
2.3520553476933266   2.3537513957395926   2.3439717609326096   

2.3503307837387943   2.3597990639072735   2.3498827094442887   
2.3606800054886214   2.3579893628889077   2.3591535110218027   
2.349828104187482   2.3452268023930145   2.3435881931094076   

2.3591175235621082   2.358811616265942   2.351074435626775   
2.358518155639036   2.3605875134331153   2.353436299474921   
2.352038612728587   2.3597521811551645   2.350270070461883   

2.347512378422006   2.353070692874842   2.3532395225983147   
2.345169300852696   2.359571138240125   2.3535204837113017   
2.358003401045381   2.351563095781878   2.353366425912385   

2.3423894876097577   2.344792733226706   2.350605166185795   
2.3560445528417406   2.359869642343286   2.3455800521959693   
2.349037338457961   2.355167289019037   2.3423727599152175   

2.3457641464628427   2.35796926973276   2.355401547025434   
2.359291018055765   2.3596273398703547   2.3452803892365375   
2.3584432640831006   2.3488890145311707   2.3514137465303877   

2.347921532739778   2.3556218884343774   2.348013057575626   
2.3593362425521525   2.3492413904793628   2.351635791988582   
2.3457135149982853   2.347886297023709   2.3434355499385524   

2.349997829856592   2.354411202486295   2.3550122127427064   
2.3443135627127867   2.3460241768124597   2.3438989526573697   
2.3550477413474002   2.3488021333262816   2.3515784798517263   

2.3432546556109926   2.3457144288644427   2.3569501714021355   
2.357287263830919   2.3436522208414057   2.348087469016004   
2.359674113518881   2.342571446454571   2.3510920698715205   

2.342106235695058   2.353079572242362   2.3515927077688317   
2.3422329178177996   2.347027080805852   2.343918030449343   
2.3440923851777224   2.348791770402441   2.3561573866921637   

2.354584950680853   2.3441044539094764   2.356389200920878   
2.348276267348002   2.3580383306544745   2.346653070093312   
2.3522521496832876   2.344338719821952   2.3531143848738107   


0.25604899754144445   0.2660965646252297   0.27062637768471914   
0.26218964138603107   0.2600285558922149   0.2605477899992054   
0.26919983004053455   0.2567367951969385   0.26873140090886566   

0.25861551171429226   0.26032264862959886   0.2690430983188799   
0.2733944113162006   0.2730272985149337   0.25647072033216367   
0.25720976278273805   0.2561408084458197   0.2551328673868173   

0.2631048422873419   0.2650214700119268   0.25987376388707584   
0.26012759411318553   0.2680771664786473   0.2688739546149772   
0.2590372656472614   0.2635035355161372   0.2723580860772732   

0.26366988208063863   0.26088595655403635   0.26392144822982716   
0.27271160633258196   0.27144096145466506   0.27215957952611314   
0.26935743543097385   0.2712636696201643   0.25967687693533864   

0.2544365652729862   0.27316302345626814   0.2643492886197027   
0.2576892874691961   0.2629452025048506   0.2645876077437011   
0.27359076426205575   0.25881179956696093   0.25823974450224646   

0.2643473877433946   0.265850663472581   0.2738344707587208   
0.25790270089721207   0.26998504156206554   0.26551963922433525   
0.25679406069181365   0.25631347939090443   0.25804956671309065   

0.27254058037752593   0.25808890102970583   0.2645274425179386   
0.26053585953148495   0.26263699492951503   0.27185991476417887   
0.2694383577772925   0.2715587646012547   0.26240491501545493   

0.2546769633190926   0.26165111419109865   0.2668964820303631   
0.26124404425944336   0.26079237136659317   0.25487049664726186   
0.27382337638409726   0.2645452548966549   0.2655711206537073   

0.25611570920833776   0.2715623904252515   0.2681179576760357   
0.2731798645226266   0.2656992425772392   0.27372241311796486   
0.2625322678033954   0.26721457840641194   0.2686625980408012   

0.2632461230762624   0.2578673072825966   0.26366930872380506   
0.2652402708279538   0.2576789706440696   0.25429837295653684   
0.26449614040243125   0.25692731535252517   0.25798012355252564   

0.2720221267988992   0.2669791657684604   0.2568547143857404   
0.2576313644334247   0.25521034860585134   0.25924288746740065   
0.2684306818344524   0.260460066552458   0.2589992185047804   

0.265438143008513   0.2545849373355042   0.2553775546138903   
0.2559624904467688   0.2554963053088851   0.2614568901815749   
0.26414428888625124   0.2590833251684984   0.26381515410551637   


4.390505801512125   4.379816701008458   4.397439172809184   
4.394345696959764   4.382217393170374   4.399133160022546   
4.38907301417437   4.396714375773473   4.381132766654626   

4.38005418942424   4.391138140642326   4.397535225660934   
4.393141936780346   4.383294741820662   4.387682610851631   
4.380251752085567   4.39590064604933   4.3980089635184125   

4.394418376056228   4.379733412246402   4.387810565747498   
4.3927755592949005   4.383464011391286   4.380401758524208   
4.382939381866647   4.396374508983453   4.382048878013084   

4.381566451524133   4.380252955956967   4.380247841409488   
4.39922472918064   4.3826158037160505   4.38516066292278   
4.395572320652644   4.39332220027013   4.393304158453669   

4.394128905980023   4.38703205568782   4.384706004197225   
4.385101070451541   4.388996727474853   4.382664202705988   
4.383324076492127   4.388414908475445   4.386631323546673   

4.384561087151456   4.398612316636389   4.387476163659422   
4.391690193290716   4.3987472264574805   4.390507976283442   
4.389763391871968   4.385510551616604   4.384209889385302   

4.384641147069669   4.390077385849656   4.392525536530085   
4.390846987050985   4.39221522352975   4.390716820079492   
4.397110659794634   4.3940062464112675   4.385653601150219   

4.398681276490552   4.398392847008604   4.399324771856229   
4.384781290930558   4.398425204359921   4.388308319162833   
4.385738257305123   4.385126534539391   4.394409035171019   

4.399074483914698   4.396814269822245   4.389868904049712   
4.391541326423122   4.390244893875113   4.380974176427381   
4.390026790855314   4.3935784526457375   4.3926452567196   

4.37970344843785   4.393668574874547   4.389646039737821   
4.39674236713937   4.389510232378785   4.394248189360678   
4.387268978405878   4.3863767554993975   4.398177222639078   

4.390607194783603   4.39664451083946   4.395293734485987   
4.398762051547697   4.386751876829686   4.395365549320195   
4.3835364582407275   4.395836535905704   4.388205306466515   

4.385399035349878   4.393518480606636   4.397615307124811   
4.393550677778173   4.394846799793483   4.391472238305881   
4.394909485188322   4.394723684248968   4.395864053663404   


0.2671683028862997   0.26144575653107816   0.26587259189330154   
0.26527781595991723   0.2695674283629203   0.26626464460254007   
0.27443437855089386   0.26218351782728716   0.2734065146307347   

0.26265709501777174   0.2644768791342407   0.272105863625937   
0.2732898741183162   0.26107501866667815   0.2729896533636915   
0.26184904473278725   0.2601697275116767   0.25817023581089676   

0.2771813326408594   0.27544269722429654   0.27764358575632714   
0.26806622893591514   0.26244742943770105   0.2671024670881275   
0.270611803574116   0.2734889956424175   0.2748507238528677   

0.26020843236565333   0.2715229679299341   0.2684739290058779   
0.2637032134473152   0.2669577546641432   0.2634386833314926   
0.26477579499745135   0.2729050305562417   0.26532058731216357   

0.27627823665458967   0.2626440381785801   0.2658871164372227   
0.2700259239893494   0.272857513116286   0.2632858062007345   
0.2683208734272025   0.272526730836346   0.2647154525679849   

0.2651242364880105   0.2651993981841731   0.2612413584977339   
0.2642252412163702   0.2588697023045047   0.27446132436426735   
0.2678408851246581   0.2691163305867263   0.2774568788531455   

0.2580196957356371   0.2579497039192254   0.26828729818705793   
0.2660606377860005   0.2628747076793567   0.2753493166897559   
0.2736684506258066   0.27468894509871955   0.2699305533592979   

0.2776229596951074   0.2618969937905701   0.26126107902425244   
0.2662030197637974   0.2681513361109598   0.2716964926311512   
0.2666146590498698   0.26729588879518135   0.27446739323562175   

0.2681062469959343   0.26454511601139935   0.2613405953037426   
0.26620073256335963   0.27308512342234675   0.2597663998484864   
0.2630350140874443   0.26718990063325776   0.27351828313018056   

0.26459187758954106   0.27698363984940205   0.2758134670843205   
0.27228415665867833   0.2711695248393042   0.27323283858605635   
0.26518844109600187   0.26579291655098236   0.2702656740687682   

0.2747112581537082   0.27060725336904273   0.2722866153627362   
0.2698767389454862   0.26622687790882416   0.26543216647886697   
0.25919504712016495   0.2773584926466269   0.2577386027041682   

0.25863864542458415   0.2649703181657061   0.2672976249643531   
0.2708116951128941   0.27729687511513385   0.26107699406363116   
0.26401047350796897   0.2664827615817296   0.2655032604269544   


0.16084370951178042   0.14998905842001867   0.16285148866935134   
0.16527150212879588   0.1648353845121639   0.16097407865630056   
0.15273211368857956   0.15581485406642587   0.15268600673947813   

0.16002158627028426   0.16104091090617306   0.1509007313556418   
0.14633267385047297   0.15433703668552942   0.15565921746401554   
0.14692832609516632   0.16322366014114015   0.15368874900082524   

0.14820609515802763   0.16098070618945678   0.14642529013870093   
0.16397104693670575   0.14856922984157447   0.15442363998743822   
0.16423192663083938   0.14657316652751798   0.15178471343144034   

0.14627166113392553   0.1594872050620213   0.15822005545122525   
0.16252266209400634   0.14611447554996795   0.14720355118481895   
0.1457363663968579   0.14987703999259963   0.14774445033364003   

0.16057092411957918   0.15809508959235266   0.14572445546120213   
0.15409859019709374   0.15007463076038832   0.15414743566798464   
0.15360810722526605   0.1517260611918736   0.1481959725840956   

0.1485907270933896   0.16191946443590663   0.15871497703560908   
0.163048378397516   0.15101621847394653   0.15509166879944017   
0.15385982123330488   0.15830559556967402   0.15328892305749153   

0.1495850556325677   0.1568235312329907   0.1539074137336275   
0.14904667428890703   0.14763659341969407   0.14914593069137433   
0.16228229519731635   0.14576581116517895   0.16106145240001316   

0.16417285152350827   0.15820520534255725   0.15462603137400469   
0.14983631517878404   0.15032793966539673   0.14691283000832364   
0.15631711121532435   0.14576044885664183   0.14662180229110044   

0.1647272829325226   0.1619653532597898   0.15018196780876397   
0.16189080068798586   0.1591933030423565   0.15751776476909063   
0.14659311739934303   0.1599804596562473   0.15161285748005573   

0.15720714871463612   0.1538398218516707   0.1619361139087846   
0.1638649644753892   0.15713142163486998   0.16375713530198216   
0.16323606685671282   0.15352746122528696   0.15351564588827007   

0.1582336560653139   0.149200200354419   0.14657134763473903   
0.1518854107356167   0.16502435519972591   0.15492962488258366   
0.16527723889999044   0.16316535824859763   0.14907268551351094   

0.15748061704340172   0.1605273733761134   0.1606268063247061   
0.14666924582010094   0.14744874469855998   0.15225551835605397   
0.157643566428236   0.15346566946065796   0.16473674777677488   


0.03957831182395652   0.040362505494762634   0.03416610121941481   
0.0389896536217448   0.04309954844081257   0.03176961527314658   
0.031749102134890565   0.029117364892200324   0.02561559076852687   

0.033775281956058174   0.03687199531962273   0.02803034811928388   
0.04502440030446694   0.03292300600838285   0.034746463192169647   
0.02925714027601004   0.043049177283657925   0.041540563333105456   

0.03564522650763346   0.0398896127259589   0.02703375158823267   
0.04120502127008879   0.03790826612402955   0.03091684891440936   
0.03848168817026573   0.03821406773802693   0.027794386761097033   

0.04039206812806703   0.041652711817746706   0.03180402416399883   
0.02922804805097944   0.027487398861140048   0.028283951766241672   
0.03501504284601167   0.038307795741332105   0.03621396796467806   

0.0403824157519467   0.035389168950563446   0.032384034524934185   
0.026432433137970068   0.04203901578058007   0.03809708228422584   
0.03158028260894054   0.02675173094818015   0.043343366567528636   

0.03762450595392328   0.03182346630580173   0.03901147739217404   
0.034732485831686276   0.0358094202284487   0.0427652086053301   
0.03726611294230065   0.028485433265711933   0.04380637208951229   

0.03141747702037478   0.035536536198305456   0.025579832357015397   
0.03346433156484277   0.03289236123138991   0.028067633111606354   
0.03075512003816103   0.039639704239718895   0.04332715674434893   

0.03342775901005081   0.02638128247605018   0.03912625789621792   
0.036892340200230446   0.039508888596569904   0.026610737026322346   
0.044168887449567616   0.028721420231517306   0.030333808167344187   

0.02729492598010738   0.028938288687350582   0.038668065846221046   
0.037549377341637054   0.04427609840666393   0.035878774426791174   
0.036987308125440176   0.03958254415308001   0.0329186584384798   

0.02550162185202946   0.032354028528109646   0.02965845563276615   
0.045123367252298735   0.037981492043546235   0.03507334300688414   
0.03022766035559085   0.02657158835922929   0.02782362517877467   

0.033903908367352575   0.02582205637937256   0.026575679510978233   
0.03390466521466677   0.04360656935738686   0.038956892216982106   
0.025665530351056783   0.036350128113307956   0.032147189968916086   

0.0444187912698845   0.04192016461278676   0.02899668264139287   
0.04142389735509157   0.026127417973318707   0.03605721375776165   
0.04159756752989476   0.03345539446213046   0.02773106328287599   


3.6301063681841987   3.6321490001835426   3.637842753911977   
3.625878460030291   3.630956198272115   3.6225849818016624   
3.6318429299237915   3.6295411846275676   3.6248144598831087   

3.6272448733404583   3.628205426071878   3.6364804693836077   
3.6361728941841442   3.6374752506479413   3.6325369489164356   
3.6334718965672868   3.6234494400987427   3.6357157288314075   

3.619603309935799   3.628452103540465   3.634862891508257   
3.620206782739946   3.628422420087053   3.632102492976815   
3.637764527118358   3.6325333561043425   3.6347342437547936   

3.629023182514899   3.6259707802243892   3.637943836401275   
3.629815602338541   3.6379387328397272   3.6367699267326983   
3.626919122654208   3.6307991346316206   3.630474826349815   

3.619529666622664   3.6331266785138054   3.636972117939323   
3.6262677490500823   3.631211384282173   3.637679611187664   
3.628972266930814   3.6285161661117065   3.6306007863867893   

3.632530976722822   3.6233640270131517   3.62855734371357   
3.6226935080801046   3.626868671565941   3.62377029535924   
3.630647631590207   3.627428199515523   3.6195364179104   

3.6315508941894694   3.628849668449163   3.6328384969255736   
3.627791515293048   3.6339605438253915   3.6267764323124534   
3.621699202216154   3.618120182231588   3.63578547481831   

3.627914915875228   3.632870890187767   3.628366472046365   
3.6216492342403934   3.619349861371696   3.6338010739911417   
3.622090894333866   3.6304946443539188   3.624930643770172   

3.619018968554976   3.6358600424243135   3.6311902742665603   
3.63527204955795   3.6309647883463367   3.6280786767330926   
3.62877619965218   3.6314523594326666   3.624123432721848   

3.634010862682864   3.6245552256432902   3.626869786624162   
3.621186313537567   3.6357969366521696   3.620052151762709   
3.6374409912449575   3.6208439808064674   3.62855821220831   

3.6348050783708605   3.6341730447752796   3.6308161229923255   
3.6240915010138406   3.6210191373215666   3.634112866172638   
3.63685440804557   3.6221906873956704   3.62430445938543   

3.62577582195873   3.6187075455486313   3.6362927322349408   
3.6190365781092404   3.6233778248237285   3.627416863417561   
3.6249306647825397   3.619318893108215   3.620542932146108   


3.746766240229012   3.75533790906509   3.7540448657618564   
3.750582756689555   3.757677537517715   3.7529218445731365   
3.7595874108615988   3.759380030332162   3.75808144816847   

3.7404695284880063   3.756444238280233   3.7486162120512825   
3.7583644462626253   3.759925523753484   3.752801153780318   
3.747622526984082   3.759804579255211   3.743300075636454   

3.7443498865426195   3.7474146418430525   3.7445528540128077   
3.7518161541305988   3.749903527428395   3.7545839402890486   
3.7446325135602034   3.7577256580112293   3.7403306938636627   

3.7596026520950305   3.7438557323200774   3.751058574470826   
3.7538192936182115   3.7534960794171006   3.758061180031725   
3.7514790490180268   3.7410471472524707   3.746307829462703   

3.7537048004217874   3.751457464768621   3.7475281554072337   
3.758381607892362   3.7425900561330643   3.751127800714708   
3.7572190867163764   3.7512057901539855   3.7514028069926075   

3.7474846834696267   3.751413483476786   3.758414645083846   
3.748719884317204   3.7509847092668567   3.740015570045389   
3.749512735621648   3.7592893359719035   3.7411517682029656   

3.7584784774584   3.7489866856443586   3.7456342247517007   
3.7594462574143206   3.7530074823439605   3.7416911463459295   
3.750410761877629   3.7524432279389677   3.7590703813788027   

3.741743469749702   3.749455470934083   3.7412746633922973   
3.7538235166709493   3.7466342319936405   3.745084981582335   
3.7443262512847566   3.7517533823039235   3.7408584242498986   

3.751965952826353   3.7593391547981874   3.754650145070647   
3.7540947706197247   3.7537515463230875   3.758352456896798   
3.7419708141842065   3.757808301177162   3.7576847545959726   

3.7443320999770284   3.755716213359296   3.7411239535584695   
3.7464978204738406   3.741867307295535   3.7551372964286367   
3.7419166392357432   3.7421908678666425   3.7459756143736618   

3.750902776714761   3.7422858676272384   3.7546517868287728   
3.752842816680584   3.7558014239943533   3.7489306703970575   
3.7495833098013893   3.7442342721892503   3.749618804814447   

3.748413235313233   3.7548321316306232   3.753349172988548   
3.74951964373469   3.7548973021425986   3.7519688276663548   
3.744049546303737   3.7440833829568634   3.7536700423309837   


0.36357556313770695   0.36041023675087774   0.3618112717119472   
0.3603331285429561   0.37159715354097866   0.3548409375687735   
0.36888436510252665   0.368416006670188   0.3665559785366478   

0.3588825286996626   0.36445926332037576   0.36557809033507765   
0.3621584177603725   0.37191340426416036   0.35557809608131247   
0.3712625087372548   0.358726135703614   0.35331336304323063   

0.3717373948269334   0.3705384339347509   0.35807338031214525   
0.36922675016707635   0.3574108568427386   0.3660256334588418   
0.3711857466803572   0.35520704250485835   0.36861777470485246   

0.3714978880294159   0.36008039589913   0.3724558873646127   
0.35871594847922794   0.36875524362580603   0.37110664832475493   
0.37265477040733963   0.36353933576800196   0.3582027176720514   

0.3559497690590396   0.3717976282355732   0.3540670729221416   
0.36054574056125754   0.3587296625587246   0.36696789562561183   
0.35600192561393235   0.37211026232922395   0.35284011358931006   

0.37166362186492924   0.35995262398141437   0.3595181224773597   
0.3595531064146637   0.35505944655733634   0.36335595052898895   
0.36079592135339683   0.3719166690649596   0.36850439316425104   

0.3558408445154783   0.35946830492229614   0.3621035806441225   
0.3685895803140074   0.36342820640619844   0.3557842144417975   
0.3681222133832111   0.360280112428052   0.36377648063722495   

0.35494732436044657   0.3566796532099485   0.3658905769859406   
0.354624510631608   0.3660695351819112   0.36299118113685935   
0.35609371418979574   0.36064955350544653   0.3575390513677393   

0.3554590746212466   0.35768699519993613   0.3601497689368167   
0.3645922301632821   0.36339762391891184   0.3595019983229109   
0.36227687558419364   0.3531010397006294   0.3593601374090818   

0.3726266216541904   0.36798609996506276   0.3699356245869074   
0.3641276329403073   0.3640203353798063   0.3634369353467578   
0.3547341348894504   0.3620478159572094   0.3536378348725631   

0.36326963590238764   0.3705096201463868   0.3571668468012072   
0.36433659585219885   0.3629987786478191   0.3712464663794118   
0.36647530479721285   0.3611290127335296   0.35470663667339014   

0.3634864877512395   0.3555936765695827   0.371749937415686   
0.3682855049290161   0.3558774523834229   0.3543515810025101   
0.36404560207877495   0.3616695311357086   0.3657544863799792   


0.1006520214091842   0.10303322322370163   0.09349616761190578   
0.1007305894874204   0.0896087734973143   0.10048363840498038   
0.08929667228026535   0.09483808371716178   0.09579516918531104   

0.1071357693766192   0.10222776358861345   0.09758173185811972   
0.09216103255412492   0.10477640128484572   0.09413749615320068   
0.0929514688584364   0.1058388418260628   0.08848937282208755   

0.09848527130845973   0.10007580343027918   0.0925928515460806   
0.0923171684335887   0.09723104165084612   0.1016983198694544   
0.09545089780224436   0.1017701381313024   0.10665725550480114   

0.09841447003047493   0.09450435842099299   0.08947057855823035   
0.09759534867318431   0.09102033829172369   0.09511564897040817   
0.10687906260293605   0.09484499016275628   0.09154772002988303   

0.10515153954321686   0.08983556367073214   0.09301568955197285   
0.09990750816585567   0.09836448680349864   0.0885580679857247   
0.09158679953927744   0.09753605032935951   0.09067307874612095   

0.09377654247149395   0.09067332585364282   0.10203677104833025   
0.08884659467845249   0.09984025888839634   0.10080138885715571   
0.0975320402973238   0.10697759903060305   0.10292165341903235   

0.10493857175255494   0.10428789908349043   0.10513037479819826   
0.09785003866161704   0.08909079714332983   0.09814692911555369   
0.1066819310539976   0.09064365532753722   0.08896879230991211   

0.09540219175591762   0.09612621005535368   0.10546869960404603   
0.10454359253742362   0.10196783530831671   0.10749102756183286   
0.09453911715002246   0.09175195344522716   0.1070496154663322   

0.1050211934383766   0.0973811205123526   0.0911789379215241   
0.1009912283965163   0.09241015759254113   0.10192152612987374   
0.0972363571510518   0.09457002094390199   0.10461643977403891   

0.09401918887431976   0.10817214943229785   0.09273829130326554   
0.09717999886252131   0.10434393433938145   0.10718718186710909   
0.08965405361478891   0.09195761583424644   0.09191758146994562   

0.10800237585547032   0.10381779135018278   0.10532525664822721   
0.10216677353311938   0.09441045426296618   0.10222938940661998   
0.09514930375008514   0.10399751665635443   0.09266302042068383   

0.09070208222855661   0.09620743189401797   0.10518645878179236   
0.09798508024300522   0.09381791483400302   0.09024383063187363   
0.10829411850892669   0.09207553314577015   0.09248187132496224   


