0.07318206667071626   0.06894095795006493   0.08214862034300931   0.07761912849658138   0.0808684281052282   
0.07172757847527571   0.07809551025338186   0.08040680147750336   0.07074567015144284   0.06787215291847942   
0.06594512078701618   0.07140346335827118   0.07518165398388779   0.07698149313942708   0.07666871577327737   
0.07670135160506271   0.06269293251373194   0.07145007023012336   0.07530963331525331   0.07537057386895905   
0.07215766810148533   0.07263246897313713   0.06932573704019099   0.07083905563296299   0.0691213854194305   


0.07312986230039577   0.07403724803777702   0.07136166121086879   0.08800602236891149   0.08240283596315372   
0.0865768647688899   0.0728552834443876   0.08338675667672694   0.07228270180156904   0.0817551180697819   
0.07829897955030127   0.07957963998422615   0.07923917389855448   0.07119592548382932   0.07974649508053527   
0.08978757244755406   0.07767186608788279   0.07716309832981105   0.08797057547493524   0.09018046124587395   
0.07682855734847742   0.088490342218979   0.08465646944243593   0.08433967153687583   0.084013224555478   


0.08798782615598069   0.09292885456400339   0.09951992955288755   0.09457628725470672   0.09222994499139117   
0.09743417231423138   0.08177587841382739   0.08987975838561647   0.09682497682787523   0.08630271947594209   
0.09325906410940671   0.09209484564472414   0.08790927162400138   0.08886300991791077   0.0966955719825463   
0.08280022956158153   0.08847449300058227   0.08975306482297603   0.08398290762977274   0.08568386724697488   
0.09144815140487134   0.0872912488358667   0.08321894320457957   0.09743165526823439   0.08672397081230668   


0.04648925051853137   0.05615196690235521   0.039968742709322005   0.04212318588338093   0.05708123028290663   
0.05818855797815813   0.04377322851409947   0.046722319926337484   0.04775169591518018   0.03906078857638119   
0.039353000376379545   0.04001027276254134   0.03978251482418657   0.04444836558970231   0.04257683226694455   
0.05159415651690369   0.057121944187429344   0.047790022652877545   0.03989581714174443   0.054174525387170575   
0.054890312097029006   0.046686512706499504   0.04106548752334181   0.056741169649604184   0.04492163164982148   


0.05027563495399671   0.0603633135119818   0.06598124196826696   0.05518785560948872   0.05046561200312765   
0.06020840955980065   0.04945985647375663   0.0527645622379596   0.06452386222262213   0.05710723976835323   
0.05780653132712737   0.05757631804638802   0.060969072819839744   0.050706255744881565   0.06665421993444011   
0.05657959274376445   0.06489644101941651   0.062320567527200534   0.05232210965569895   0.06519179555846365   
0.05288800985814247   0.049736101304174725   0.06831795635297412   0.0647658268685678   0.05144956349514033   


0.07575640645565054   0.07806568943750142   0.06714576814393097   0.07341015018246357   0.08104254614276157   
0.07499754243451745   0.07197909522890611   0.07675358463619983   0.07661661313972766   0.07362832205934224   
0.07884540954567701   0.07689210097082429   0.0775813289982181   0.07406759161491193   0.08400609924582655   
0.06629302687500147   0.07737157671266738   0.0778451887519632   0.08090523233358371   0.06485146909500517   
0.08097693029095143   0.07470496846169833   0.0842377007501584   0.07024397712292664   0.07620505307966988   


0.10705654676742604   0.10834178131033859   0.11859554601314892   0.1057358820442589   0.10512837582296922   
0.10593307375761474   0.11620836320888753   0.1200167599739135   0.105761630248327   0.1069991716876493   
0.11705935178607649   0.1214135794025023   0.1109262028915183   0.1197225125137086   0.10797790029373705   
0.1186435831518867   0.1106561098215394   0.10782107424948312   0.10609364226864063   0.1196001931514239   
0.10696324868505189   0.11946450283072862   0.1090683158194587   0.1180106556596357   0.10521478283514363   


0.045053330728349626   0.060912059768470715   0.048059867230306995   0.050825491418674255   0.04504122746307044   
0.045233026766232455   0.051568523168767776   0.045975297343454326   0.04207546395368474   0.06102069893029013   
0.05197147341325777   0.04337617971878079   0.05829078889269731   0.05777954578118113   0.04246468994848091   
0.04489144451642021   0.0441022127088297   0.05249620948421472   0.05776204044874166   0.05753936733539452   
0.043817262809176936   0.05505473904655351   0.044440642534427456   0.05260705056671438   0.052818468515439844   


0.09563419542324882   0.09817962568831172   0.09958265272492689   0.08957534839670629   0.09262069161551001   
0.09260113555387835   0.10067438161473624   0.09200918903472888   0.09132083070492274   0.09258353660554602   
0.10250203646437658   0.09745752627503682   0.10797409855956923   0.09053363582057711   0.09481998760281206   
0.10266460099934444   0.0942339767051653   0.0911832009654064   0.10586519157845303   0.08886502063796156   
0.09041547553771154   0.09500922677500201   0.106114261303849   0.09312452747668014   0.09739433982083644   


0.0389379767002467   0.023450441309687608   0.037224860091490355   0.033655482739784706   0.026477270622007373   
0.03388202606524288   0.03042662534991204   0.02652475637309065   0.024233655727494998   0.029422190417483313   
0.02881878175960442   0.0281491095008789   0.022969569325098155   0.023594886490316942   0.026724279112020587   
0.01970736914892711   0.03035243899116439   0.02668460357708943   0.026190771306570975   0.02304950989803125   
0.02793081786999983   0.035887134473435445   0.027540941572868696   0.0260641459349809   0.03425014148715363   


0.024396812548049995   0.03174152647788915   0.031014775487781875   0.025833633394909346   0.026178504514548288   
0.0319692138870314   0.021860651688122557   0.021502230455118548   0.021224468342433956   0.01870965350770221   
0.018692458751307293   0.029027979835689683   0.02397857848747158   0.024514465048745774   0.019357879006146887   
0.031466487505446915   0.027735830736220348   0.033572790794272375   0.02254004020517752   0.036108172522452325   
0.01778104922985559   0.03511619870387481   0.020570340920709775   0.01941283514104317   0.030758921360740172   


0.07226687805204739   0.06800455296248431   0.08044568348788117   0.06982103768472654   0.08224537211362237   
0.0664536258274218   0.07620176911070492   0.07546519821305661   0.07391720442381945   0.07138000572498644   
0.06883138441669145   0.06626412217624623   0.07527130794331031   0.07334006987611238   0.07795504488562026   
0.06951298975243038   0.0751299347535816   0.08301629779100417   0.06952592332621212   0.06775076507839606   
0.07164689990221473   0.0677962323966218   0.0775173090218099   0.08458618486873974   0.07732051307870194   


